image: /home/bo/catkin_ws/src/gazebo_pkg/maps/map2.pgm
resolution: 0.050000
origin: [-11.300000, -16.100000, 0.000000]
negate: 0
occupied_thresh: 0.65
free_thresh: 0.196

